77
2 0
8 .0119480519
6 .0238961039
2 .038961039
6 .0479220779
10 .0602597403
10 .0718181818
1 .0958441558
8 .1077922078
11 .1198701299
4 .1318181818
2 .1377922078
3 .1437662338
4 .1558441558
8 .1677922078
4 .1797402597
2 .1916883117
4 .1977922078
8 .2037662338
8 .2097402597
12 .2157142857
10 .2276623377
1 .2397402597
8 .2516883117
1 .2636363636
8 .2757142857
1 .2876623377
5 .3116883117
9 .3176623377
9 .3266233766
2 .3355844156
4 .3596103896
2 .3715584416
1 .3835064935
4 .3955844156
1 .4315584416
2 .4435064935
4 .4554545455
8 .4675324675
9 .4794805195
5 .4974025974
5 .5094805195
2 .5154545455
1 .5274025974
8 .5363636364
1 .5514285714
1 .5663636364
2 .5753246753
4 .5874025974
5 .5993506494
1 .6142857143
1 .6202597403
1 .6233766234
8 .6323376623
1 .6472727273
2 .6592207792
6 .6712987013
10 .6832467532
8 .6951948052
1 .7102597403
1 .7192207792
2 .7251948052
4 .7311688312
8 .7371428571
12 .7432467532
10 .7551948052
1 .7911688312
1 .7971428571
1 .8061038961
1 .8120779221
8 .8241558442
1 .8390909091
8 .851038961
1 .8631168831
4 .8750649351
5 .887012987
9 .9020779221
1 .911038961
8 .922987013
11 .9350649351
8 .941038961
4 .947012987
2 .952987013
3 .958961039
4 .9709090909
8 .982987013
4 .9949350649















 












