66
10 0
6 .0193939394
6 .0259090909
14 .0389393939
2 .0518181818
10 .0648484848
2 .0778787879
2 .0843939394
1 .0909090909
4 .1006060606
4 .1071212121
4 .1136363636
4 .12
4 .1265151515
4 .133030303
4 .1395454545
4 .1460606061
4 .1525757576
6 .1622727273
12 .1687878788
10 .1818181818
5 .1946969697
8 .2077272727
8 .2207575758
3 .2336363636
6 .2401515152
12 .2466666667
10 .2596969697
5 .2727272727
9 .2986363636
8 .2856060606
10 .3116666667
10 .3245454545
6 .3375757576
13 .3506060606
1 .3636363636
8 .3765151515
2 .3895454545
2 .3960606061
1 .4025757576
2 .4090909091
1 .4154545455
8 .4284848485
2 .4415151515
4 .4512121212
1 .4609090909
4 .4674242424
2 .4739393939
4 .4804545455
8 .486969697
4 .4934848485
8 .5
2 .5063636364
8 .5128787879
4 .5193939394
8 .5259090909
6 .5324242424
3 .5454545455
6 .5518181818
12 .5583333333
10 .5713636364
5 .5843939394
8 .5972727273
9 .6103030303
4 .6233333333
4 .6298484848
2 .6363636364
4 .6427272727
2 .6492424242
1 .6557575758
8 .6622727273
2 .6753030303
4 .685
1 .6946969697
4 .7012121212
2 .7077272727
4 .7142424242
8 .7207575758
4 .7272727273
8 .7336363636
2 .7401515152
8 .7466666667
4 .7531818182
8 .7596969697
2 .7662121212
8 .7790909091
12 .7856060606
6 .7921212121
2 .7986363636
9 .8051515152
6 .8181818182
5 .8310606061
14 .8440909091
3 .856969697
6 .87
5 .883030303
14 .8960606061
6 .9090909091
2 .921969697
4 .935
4 .9415151515
1 .948030303
4 .9545454545
1 .9609090909
4 .9674242424
1 .9739393939
4 .9804545455
1 .986969697
4 .9934848485









 