85
5 .010823529
2 .021647059
1 .032470588
2 .043411765
8 .054235294
10 .076
4 .086823529
10 .097647059
5 .124705882
8 .130235294
8 .141176471
1 .152
10 .162823529
8 .173647059
8 .184588235
5 .206235294
2 .228
4 .244235294
8 .249764706
4 .255176471
6 .260588235
6 .271411765
6 .282352941
6 .293176471
8 .298588235
4 .304
2 .314823529
2 .325764706
1 .336588235
8 .347411765
2 .358352941
1 .38
12 .390941176
4 .412588235
2 .434352941
1 .456
4 .477764706
2 .499529412
1 .521176471
12 .542941176
1 .564705882
4 .575529412
3 .597176471
8 .618941176
4 .624352941
1 .629764706
10 .640705882
4 .651529412
8 .662352941
4 .667764706
2 .678705882
1 .689529412
8 .694941176
8 .705882353
1 .716705882
10 .727529412
8 .738352941
8 .749294118
2 .754705882
5 .760117647
5 .770941176
5 .781882353
5 .792704882
8 .798117647
4 .803529412
2 .814470588
3 .825284118
1 .836117647
12 .847058824
6 .857882353
2 .868705882
3 .879529412
1 .890470588
2 .895882353
1 .902
2 .912117647
6 .923058824
2 .933882353
4 .939294118
8 .944705882
4 .950117647
1 .955647059
10 .966470588
4 .977294118
10 .988235294








